$ANSIBLE_VAULT;1.1;AES256
39663135323834386432333438373839613430383134633637356565396263636537373730386236
3334343231663137356366306238363335333933333861320a646561666633316339343335393537
39376337336332653366663866623431313736376238366638386361306465393935303337363964
3761373637656563380a343365663935323364646333663463633365343466316538343362616261
62306365353935346333303335633739616633356131646263373566366237643163663835633233
65336537343938303436323739616565383466623836363161386432383230643466313065613630
35613131663061666162623936643939353137636133333233303962656630623062386132353663
63303135613131646665343365333835626166366265346433306564653832653436613332396536
32353363636139313462373234646530643839643765616438356333303436373839323430336532
63303836633265633662653062393030356665623664323032376431663931643938613835643332
62653065313736313939636662633935303562616434336634656234616164643265343161333639
65343262636630613831393939306633353338333630353032313839326461656563333633613063
33653733393239626663343330333039633732656333323632343361383365353663303864376438
39643535663435663436323861653561623032366362666563366534326166366230663031663965
64333134643230623339663566396133386533393934303731666162356134363561353837616434
66613763666239623764393665303334623464386438393430343261613130613134613864663330
64666663336235376332306334623961613238386332323831366161333132313639643930666634
66306661393333313037643835353539306531633132383133323533303161303034306537373564
38303464623864626436653766363964373764306433666432366263393564336233326662623361
37326164353137396330366439333064326439306637363161656337323831346335376439393763
31623739313531666139323162376135383266373461633239663030303632393936623064343262
65623261336631336338346538363937376662393336363363653132323339633032386138313832
64636562626237393165333964343161616165303431383130613462653033363664386234653665
61373764653033396266666361656465323366613565326630633564313330616630366430303331
62363230393539666261616431613062643866336234616662336438316366373837643435376533
34373539346161366331616664613261383238366539643137323136623961313663376461373433
39663066316563656166353033323137326334306231326135663937313537643035393631313833
32323039386635333337373362393664623362643839633435346430303362656264613831626533
38616465333837623635353238316133343362643233363631366361326536323738613933626639
36326630663163346563326137393533666136646266616666303132633564346133643036346365
31636530656537346438623366636364626262633634383136656664316130613364346465366438
30306435653136636263663865333438373065323633646361646431353738346664346430663765
31313739356263633332633835306463636163383330656138303737393938316666373565313865
37656531653934336265316337656266643333613133333864363766653165613035353237303664
33373438343861313462643932393130393539643930616565323463633661633533303833646235
33636561623732386635323662373739336235373763376163666465383366366238656465383035
30303638313831666435613230386362356430333830306266623631666237363431343631663235
63376339363264653735653131363132333836626663663438313165626463656365656363373438
63393430633437356230626535653365393066346636346362353134346138336239376563303330
62333136363766353037646436316265663463373863323464383633383262623534663831336637
64663438636362316138313635646663646535313235663738383237313339316166366638383937
61383133616536323839386134663565373632346136393233313930653634356336366265363637
38383232383339376336326364623262306264313965653764636462373730623463343237303665
32396331303136303731656665356434316262373261643339653033653561373962653064303936
38343930343535373033643036626231653235323238663335613666656663636365396161363136
61643436626264323866383138396663313133646538303564386437373864356363663439303336
36306231663264326139303461363662616135383365346337656530346137363563643038363666
36363236616534353630653666373631356635653062623030393338623937636332366664333735
39646464373565353061623462633633623865633263353362356635396234643966363633323234
38613761346135623935636264666138343737636537363435336665343334333263666562383934
33613534666430653164623237646632393437353565333530343734613062383464313037366437
37343631343235366435336663303636336636383365613235323130616164353333356131323134
30633536333639643332363639636531373038366336626561363231663831313531646137313735
31326262623461363762326533353730626465653033386232383237616337353231316436336463
61646531663036323530366436316364363365623731646339636435643037303732323161373739
61613635326532653233663463393439616639376431326339343765336237656661613931373432
66373539613331393837326335646431353130356630623463316536656436343933333561363534
30663865636363373362663831383233343438323262396161613833646430363165353630646164
34356534623865343763323862376439656164306565346264353662376135393130303561343262
30383435643565616239343831323532616435633361346331303031373837353538646234343832
38633535646364356666393964333765333463303137323663653830623038313339333265363534
64346336326464636666393336363536393237303537393866633265313635313861313939613163
35613632636434336232313165643230343435316164656431623939303162333563333063393963
66336234336463313734303531623532353631303361616265383734313139323663623230613262
65396537366334613262366634373363346163303833633635663936333863653566363361383031
34376432393261636336616366656634303433663664643963326662396530376666333463623861
32663139366666623437393831616461623161386336346362383861636165326331623332356430
34633265353735343134346336366365313132383561353130393564613363383238373831386364
35656464383535303635303932306233353537346462373963376333363266613862303134313166
33616163363561366339313733636436643337383932343431643134646633316537386235663233
62616563353965333065346533653436383938363837623335653861353634393239663737383138
61333263363466306635316430326237356638383838636461363463393261333234353838383964
61643766376463303965353239613134323034376239326264303066316635383537646637363664
38323631336232656464353063383462343438663366303034366565303538633932303963303961
31393462636463313430613837353730393532376337393130646665333562383432636135356362
36303935623835316363653965653365386132333430363337353264333732613561366139333966
31353735633333363037333730616130633431626437633566343637343963303664646232613932
36643866343339366536303831313761376533646432363566343939323233353135643133336564
61346330373630343264363163643532306637333633633164623866613337343436633238383662
63633261333230313033363865326462323337393634663533303864343237326138346237353566
34363761336663346432646132303563326436616334326335626637646664623261333064646635
65613663313534663030643735656436623139663133666232633466336162333737336530346633
37633233666362333636326235366632653537393333336239663366623431383839393033353662
63373763366436626139313237656532663438383034393736346161383934663864313431633139
33326134326232343432326232336261663330333733336363333564613332383039663136623138
31616237376662346465616532346530643132663662303539643639343036383830323431663035
30306532353330323361663932353332333466383233613532393832633066313435323438306130
30306564356537383865326563643439363030363963643833666134303632383130306162356536
62353066636362613831346134356561313834633765326635306264633062626365623061396463
33666439356532666162666362376432306639666533366237316235663639633334616639353338
38666362623266316338346634313465646363313665356465353735313234633936383163323838
63633534666665396437363938343337363836616261613431393836303566316533663966663234
35626131653232333561303932623665323263326135656635353437343038333338343231666538
66646630303236666566313064666131633964396263313633363331323930393632646434303432
31353430646638326239623533323435666433303734336262666636613964353837303661613837
64306461386139383936396436356637336131653465366539373865393165343733376632333837
30653666323964316537356531303935396235396130646639366235343564363461346635393763
35353838343739383130326639346435343938396133646533383933326231646639663562643237
62303663653835393861313562383236393566353539393934376336346664646631636363313064
34656535616637623332366335383439316533306238303661306263343437326134343532343236
61336566363566646464376532303531663633396561386131393235343038333530376334313361
33643532396264643265346432643834393530636539646339623964346438343736663463613061
62396663653131623465646233303737666535326462623666366137653861323466626430333934
32376366616261306132646362356362366135393766633834616462323033366563663966393664
62623666366333636139383535653536363163666332626265373036353938616239346137353937
39313734306364353833383336373836333161653335393532653732313366313965623639343833
34666663313564366235643665353932313930323530306130306562383036353661393434313735
36363362656436633264386366303837323032633430323837616334326363303763393739393139
64396339383635303961613634623464323932316635396162313331353162376436623235336464
61616263396634623938376265666563356564626164356336336334356137353264356362373930
32396464356666376431666438353933663932636631633362663962343436643965333936636161
35326431383537653131363666316261313565653935646138356333313739376265306465306333
30646233653466343737373139633239663135356433333466336531316231346137396434353262
33636337363764623832313362633065366562366465666637303331366162356136653064313262
61643539303733323863336338623631656438653839386164333439323631643235363333313264
62396235616132636562316465633739653664656333623336613231323539316366333436626665
30666161376331343837623337636230313937663833613364613937363933386432383330386439
37626537623139633931316464353638316430373037353637663164383136396262643439353732
65626234633363396632353532313765623938303937616464626662623137383937373562376163
64393063336336336436623262633262333966626336616164343830363233643565356532396637
63356462626263383033613238633631613536303363373230363930303931613535383135333936
30343161343765306261323762326663343931333935363739313032363933326535653438376635
34666637346136623166303233623165396534343430633531353665336537336434643765373138
32353232353831623662346430376538313535633839333365393039393764376666313665346233
33333662636438363230333263313339353134316635303863326666636562663735646163313631
38343533636164616237653263663661353063356461636464333538333031376164613837356330
32313738356163613765303434323731646266656364313534373866393633383864346666646639
61623339663461383662353133613531633731303062336665303663393264363765643536636662
62616538613336623064323631373266613735386338616662386661363935323765313661623933
33363234326536373864363130666137643536306638376536363461366530613933363262666430
33663337366436343962313261306139353130623735363462306232313662663933643063383562
33623163633639333030333166323265336266383238653333363332653965333763643431623762
32313635376238326665393431326235323835613964656236613332386662633064386531633836
64306636356339623136346334323634393732646238383030363636643062303536393036336137
64323731386565653766363663373932353135616663333262366539343631663036666531366133
36383933323132323132643735613830316464636561643165306165313064653561643264306138
65633537313439663035363562653564383264353863636233636336343333666238306363333032
63373564303862313637643135373239623965316362313732373334383561323436613062396464
39373064356432366137636131336231623035353061626433663630373438613064376230366533
33313461366461376135646666383235396232356532323535613863366366343361383332396266
36336631376361323162313132313963386332616662346539643538633037353739643861653832
63636263333664323365363931326438323934633939636636643933363731376337343630616530
66663539356637326136363732656365333765636665613038353163313133326238633130393063
66396330303439346330343838363435656362623539633061323131303838323730623961383231
63333864303239333334303337396138663731666131333134623139333236356432393332613864
31373435303635306639303232343565313238333033623466623364633536396232383430326339
38343038613731313830643162383166346432313864646230353662663537633561336537663761
32626239316134326236613634313735653036643638646666333561366638616666656538313237
32316562373564313761373866306339663564316332653531353163313239313539313234653065
35306266303932623036326339616663333663306531313061363966643965396530613865333630
63623566376162333261363761653137653238656134386566393631393739366364376637343630
37646632333834313633636263363565663934346634393631313236646230363663653239656138
33393530376132333337333835393932316336383766303730316531613535343630666634336135
64373462383731353363326138353065383932653364613966326538663238323363646535313138
62383032343430383534353937393032646261316563666661343834343063366333643066623234
31633635643731323033623165623465386134363866383532303863383330653432343238336535
30333834346266373165366662626166373432346335626232386433326139626533653834343764
30616137396631623036303433386438613434313738613833323765396166353635346531386136
39356164353635303639643331363066363533383037316139386562366463613066356666346433
63393330393436333234373130353538373533306265346232313432353738313538316661623738
65623237383030363339633062353939383233376234613865383464376633633564353139366232
32616464366139326164393436346666313437643133636262346631353736323337323366643335
36343637613034306638646536393265353864303561346135663765623537363664333465396338
35396133616635653431336538326664653032666339393038643334393437663664326264653562
37616138393230373261616364353764666638303234376261356537653563386166343930353839
3963303134313264396635643737613734643664303830356365
